7794099050
7848749263
6941815217
8168491127
5993537137
5778857732
5403302823
7515483127
6012820210
5201036372
1274078727
1888556945
7075671300
8058125066
6401832609
5920245427
8384369856
7801016393
7493361521
7209329531
1092075328
7986680234
2069171809
7626054361
7082073417
8386872489
7827817744
7531626242
8209265975
7836288707
7681007971
7077315773
8102068265
6653550049
8404186545
706061183
5905866777
7277748013
8288937273
996375783
5290443101
1070156407
5144554467
5926429563
5710120263
6388324750
7775981009
6836488617
7942283960
8384246341
1260867448
8345480872
1708842784
6562646918
6805495525
7910390988
7236336659
5193325076
6092862900
8248144574
7118816002
8208304655
7398274446
5752430113
5776706685
6749081727
7009045050
7872472128
5233814896
6670305041
1420620292
5937789532
310803025
8177066955
6982455694
7651888952
6343489680
969467129
5230497196
6684798991
1976392525
1366083522
6281599768
7866027791
8481139615
8443841377
7713499395
8356878603
7046804321
8239869574
7701716405
1422422027
2125302052
7072103142
7847968334
5538090225
7095236185
1378199861
5404639288
7921745854
7495526650
1724225724
6787333732
7064251881
8351101698
5306081306
7011232135
6380027642
6199014189
5169873780
1752730494
7483727170
5200370077
6349726525
6877624335
8098659200
7955044171
7912328959
8348147576
320308283
5192968969
6301547830
8128193350
6674396277
7121405029
7713740231
6129350064
8015407476
415709810
1978686257
1258912749
5100434416
8032907306
7290622152
7587192900
7654713119
7085557725
8260248118
7627458932
5265180248
6217114617
5332281367
7723992798
7876966425
8137331869
7375839044
8050546436
8324376029
6808903747
7899548040
5153134621
1743034256
6146488786
2028007874
1930413612
7536788534
5891127973
8263718494
1019201032
7393010135
5898369632
1226005374
8174037504
7799324802
6631320689
8142704556
7663127388
5941195685
6639088473
1417828135
5354105598
1616421998
6305445641
8384867198
6269089929
7820680828
6400875364
1198676584
6598188692
5491970486
8052122161
7123786304
7128479191
5052701136
5964245701
7831329530
1487861332
6578071189
7179780620
7652905218
6385874208
7132958424
8060916901
442712828
1777736251
7490123332
1911346720
1013034575
8008358347
7858695867
5084113837
8419802062
7319892101
6563285084
1940194217
8217637821
7173685291
8005881841
6317700102
5795715982
6610212733
6070426634
7071589502
5161498173
5239248972
6186421012
6176692135
5260489777
5763704884
5854808849
5617838470
6364946431
8110126313
5822864061
7178172786
6712660544
6090814355
1929517104
7664829537
6475668712
5233148741
5293620572
7679148487
5781765536
5194405942
6869730169
7962965546
8425813471
6331275733
7894720681
5628932050
6518142817
7858708067
7676540054
6579756764
7864529665
184969177
6736735535
6281895857
6115934474
6635449552
7704654332
1037225695
8437090981
8101702928
5842251204
6322052262
6641615036
7607608346
8439167473
5350204757