1272270574
5137981412
7794099050
1088623683
1640959206
234797596
7848749263
5252448246
6941815217
8168491127
8067808349
5993537137
5778857732
7320960894
5403302823
7860963541
8269765048
6858121368
6879600224
5381352347
7515483127
7919510490
7985083539
6012820210
1500327479
5201036372
5858633327
1274078727
1888556945
7075671300
5758256320
8058125066
6401832609
6649564624
5920245427
8384369856
7801016393
7493361521
7209329531
1092075328
5540821803
7514963792
1578524423
7986680234
6678915269
2069171809
7626054361
7082073417
8386872489
7827817744
5150544272
7531626242
8209265975
7836288707
7681007971
7077315773
6882391833
8102068265
6653550049
8404186545
706061183
5905866777
7277748013
5213578838
5884774518
8288937273
996375783
5290443101
1070156407
5144554467
5926429563
6240297103
5859407826
5710120263
6388324750
8448375198
7775981009